
sample_test=[150,25,25];43.39262104034424;nan;nan
sample_test=[150,25,25];44.60099458694458;nan;nan
sample_test=[150,25,25];44.515336751937866;nan;nan
sample_test=[150,25,25];44.781028747558594;nan;nan